10148780
9754002
8900175
11184791
9606419
11854918
10813109
16201209
12674821
14226581
10372412
15574621
18663855
13485475
10283578
15452463
13804960
9665231
14833589
13822482
15173629
13628520
11681234
10624865
12116170
10068718
11124661
16237855
17414790
13949683
11061713
18135212
15116056
11314150
9048982
9913434
9172807
15245418
17776694
16387500
11820765
11406676
8964835
10808291
10881600
10465662
12484791
10703348
9251550
9716336
9384919
8700561
9595874
10514576
11287530
9617831
8945549
9470354
8895588
8865997
10700286
11889594
10032310
9429751
11922613
9037347
9708226
9047719
13594492
13226346
11734197
8869126
10426223
13734960
11167568
12676696
10756337
9960382
9481166
9796043
15203422
12420904
10251309
10274902
8937111
8772172
9164894
10239786
9867279
11174911
9491220
10266172
9413018
10515304
11704218
12311239
12070230
9106267
8422106
9478560
11467349
14288119
12812522
13351793
11434629
9875592
9061620
9313145
10798260
9837496
9412570
9048993
9601794
10481639
9385834
8763332
9364501
9029069
9341736
9354356
8646694
8733348
8519597
10092222
10507561
9417720
15411198
12954159
10124980
9601940
10618239
9825111
11158984
11596320
8503828
9621113
9993332
8708625
10168064
13558662
10123387
9926923
10269907
10597843
12996881
10665353
15513854
11674570
11067324
10507422
10252307
11566023
12133551
10083380
10214618
9716157
9803114
11086952
10827570
10649418
13890348
11027066
9452227
12726531
11666385
13375924
11680206
12305437
13157658
14433061
15276443
15479979
10952018
11017069
10494666
14583438
10185466
12318732
16164079
11918193
13243578
10690309
9735550
10920812
11647050
10221545
10905814
9879352
10063572
10023274
9943191
10367303
11432645
12162802
10244305
10608726
10504003
11379530
11490410
13436281
12217287
12735199
10130523
10497819
10423334
11219269
10082921
9990649
11652707
12148471
11230402
12873061
9602266
9027879
9745071
9217477
9886061
10748863
10043217
9694379
8973447
9755886
9030929
10006633
11258654
15882387
11135887
11392760
9922616
10062611
10101387
11593758
12161641
9988771
10716261
10042543
10493881
9629743
9996229
12897662
11062446
10362349
10721650
9546300
9259995
9108447
10551260
11626597
9707860
9106762
9687927
11732874
12938009
13171077
12941859
10528689
11681317
10278612
10913289
10646631
10519612
10755029
10258430
11004833
9721396
9807263
10268129
30662073
10665014
10484371
10103548
11668308
10624828
12039079
10657496
9679069
8645818
10585829
14129035
11210039
13684883
13414788
10485849
10436040
10366340
10248944
12834323
13110945
10378187
11536100
12888403
9797660
9685253
11976955
10871159
9320974
9563420
12150022
9296401
9731269
9367866
12532768
10597315
10083547
10073192
9373300
9473370
11616108
9675853
15507772
12912129
10587805
9704301
10705230
11530239
10618437
10814757
12531720
11643970
10335052
9554011
10109512
9606664
10427020
9828205
9632005
8996850
9397171
8800921
10377596
11383329
9314092
9388601
9130330
9594964
13010914
12072147
10578742
9178678
10207593
9024721
9422008
8866245
9282902
9172857
9810747
9964634
9002265
10489621
9145698
13967791
11618317
10959222
9901294
9454755
9946778
8918108
8768421
9716984
11400126
9321031
8985056
10053874
9078979
9479779
10187401
11652767
9507610
9195833
9926928
8672115
9020488
9088470
10558321
12251075
8426064
13298187
12154489
11828084
12586646
10145454
11736522
9559122
9424512
9694373
9587630
9055970
9755151
11361615
9958240
8896544
10833933
9059149
9026945
10134643
15610311
9753255
9292678
9142352
8717565
8558219
11081029
9850322
13282699
9282767
11907026
9276326
9006077
10104132
9194084
9969073
9272171
8920015
8751688
9142217
10426597
15871395
10849343
9307527
10009218
9254198
9376965
9415290
9524982
10377787
9021540
9081732
9218067
9278532
8705548
9704372
10380006
9269828
9613847
14008628
9973262
12390290
11161648
12953936
10406042
10403669
9320534
10893115
8773109
9113183
9249628
11506545
10059822
9516738
10963637
8879230
9553650
10204238
10836613
9582708
11694754
11048021
10920808
10835163
11105034
10765476
8975452
9111545
9030624
9066543
10062659
14720107
14028297
9402039
10727668
9960513
10929629
13349564
11022652
11460528
10009002
12374518
11221194
9882788
9103088
9398804
9823924
13081002
9227649
9453605
9015888
8835787
9263375
9821955
11746812
9587165
9270044
9633907
9150123
9725761
14738627
12776482
9185918
9062227
10055315
8903708
9849355
9335258
9613298
10212570
9283945
10401539
9579361
9864961
8970095
10950532
11815618
8908450
9554995
9415118
11020089
8974427
9410686
12784084
11402542
10979629
10627221
9509649
8829568
9201786
9797283
9728820
10365689
9206301
9780779
10649755
10234127
11903987
12449132
11912253
9985976
10445973
9708661
9968194
11450088
12233713
9354588
8914216
12209874
8796756
9737741
10202679
14814667
15281135
10101223
9781362
9327354
8991912
8997683
9458424
9781415
9939332
9470302
8730759
8661356
9945095
11589328
11716489
13192614
10880355
10616145
12594373
9942060
11302586
11597236
13112314
9348989
9917616
9473355
11921568
10946573
12015464
9012642
9413139
10211866
10707549
10108431
9059806
12134508
9797416
9314512
9371841
9642535
9663133
10376156
12908328
10519784
9600825
8674765
9479352
9144700
9165911
10135685
14814060
10049713
9394596
9288718
14701204
9973143
10180443
10417953
13436871
9097358
9625825
9079890
10447475
9992739
9552990
10842712
9869236
9414022
14273938
11831972
11710370
9973824
9101764
9484769
9188647
9360146
9808084
11987703
12428620
9045869
9877371
12250627
13258823
12911059
10445256
11759604
9538071
9820441
9288416
9165963
9265050
8812239
11154249
12471989
10648180
9349589
10360222
11725308
10131689
12313741
9413516
9159407
8833475
9573587
9415604
9729914
8775240
9849624
10242154
9320333
9535839
9794293
8643048
9056496
11188328
12400137
9028328
9178173
9357422
9360264
9275019
8916751
11704196
10323916
9342461
9653873
9190926
9464261
13102937
11331388
11092428
13170097
9231129
9555861
9188990
8903958
8845613
9689081
10521558
10043233
8730757
9226899
9229881
9734418
10223758
12230628
9346991
9325838
9688942
8919653
9782083
9031481
9921448
9535138
9259990
10274928
11025670
12833052
10104838
15312314
11616484
10076556
9284929
10845207
9234714
9412987
9163369
10748456
13603987
9356679
10564243
9073315
9957821
9441711
9224852
10099489
9320546
9681779
9366933
8845764
8875208
10249412
12432076
9199050
11143718
9412447
9529423
8806921
9802442
15230385
9618592
9846221
9981613
13088483
9981486
10182754
9851951
11061318
9950628
9401989
9295289
8951535
9473692
9656153
11153350
9769842
8853511
9105246
8827182
8702363
10274747
11062195
10987085
10082624
9572212
8900373
8790302
9748318
14615196
12072959
10419715
10418996
9129438
10054837
12319983
16418562
8823912
9434331
8763352
10237044
11038859
10953458
15262785
10243869
10666679
10289096
9691299
9413212
12716054
12604673
11860925
9868221
12163129
9763968
11426395
11146853
13547817
10392258
9981280
9916405
10045203
10480784
10762847
12956980
11884241
12522680
10263226
10582101
8728584
9684913
11903084
14259691
11747899
10298393
14311984
10124015
14991497
12460957
11360807
10312762
12033809
10635577
11887652
11975971
17501367
10198450
11827187
11796259
11235205
10273356
11937418
12554510
10057600
10428810
10375046
11247252
9971900
15844894
12695184
11877885
11384443
16350479
11877083
13103530
10655868
14029295
12442503
12610804
10033960
11836468
11761607
14011056
10395271
12570750
10180777
9982590
9979336
12232806
14592193
10339614
10726381
10032345
11427861
10168490
14578730
12405997
13838665
9895004
12139890
10325065
12425758
12918776
15073168
10104571
12097784
10165582
9556060
10491274
11822669
13695838
10081980
11484532
9974111
11767166
10115638
14577071
11905222
12617335
10311009
11745681
9922864
10594743
12262270
11705479
10270954
9975705
10627815
10098672
13092083
11906937
15599660
11672920
10872627
9983331
12330751
10904616
11857930
12043869
10924284
10972393
10378360
10616105
9686291
10705699
11041780
10585351
10049045
11040718
10145353
10173026
10377746
10711421
13412938
9642270
11954844
12932518
10530871
11287814
12176744
10185853
9811159
10538407
17519827
10147583
11227900
11019486
10494966
13094735
12819105
13512746
13163393
12924618
11864478
10718031
14824764
10409706
12271947
14063103
11607975
10047584
11321903
9924491
10611667
14674617
12199443
10180462
9820400
12780191
10045740
10190137
10889545
13435203
11636955
11047962
10254893
12370887
14465083
13329638
10552866
16290064
10453704
10301376
10408576
11246484
12259580
10496281
9990550
10128382
10218614
9476648
12537756
8672150
11052711
15452337
10811731
10310687
10674212
11080412
10304273
10813979
10010716
9245402
14178973
10077685
10596725
11212301
9965340
16737651
8841093
10916070
11974849
10454113
