13583304
9628509
7967977
10773517
8198156
9988711
7869195
7384765
8427219
8126954
9190532
9240832
9392428
7216674
7393565
7967025
7616330
10025493
7690681
7834900
14427059
8917502
8079052
7990854
7386207
7898605
9880712
8440765
8260120
8794005
9487670
7401902
7832126
7924675
7314773
7619538
7993374
7885163
8005916
8353100
8297150
8030524
8107929
8942272
7968368
7913606
7383368
7502815
7373255
7891938
8820161
8894524
10578987
7804637
7437510
7543187
8346820
7941642
8891828
9304959
7702102
7765018
8888888
7403243
7726733
9191806
7580913
7541107
10242751
7461503
7680118
8158725
8088359
8117289
7890151
8428218
8029199
8101789
8679916
8205176
8389178
8130938
8111661
7722324
8074900
7913129
7879081
8533198
7650899
7799857
9210932
10512560
8277744
8678864
7842136
7938626
7702465
7481639
7872723
7770416
7844457
8499084
7682122
8011734
7942014
7963611
7954419
8206553
8075798
8729587
7651272
7688582
8424190
7490031
7814010
8408714
7674677
8449087
7841636
8518882
7638006
7534710
7774376
7950625
7789851
8821886
7992246
7838578
8036740
8018708
7964300
7899400
8049620
10712865
7869282
8699676
7833075
8467802
7588360
9325823
9246245
7700449
8506943
8489571
9655725
9212704
9179750
8123203
7950800
7703685
9184617
8453617
8178488
7985008
8477202
8251332
8110646
7933559
7682906
8230916
9000738
8241991
8224861
8137862
9311833
8696754
8045480
8965784
7819310
7801513
8121243
7617710
7848060
8232152
7873188
8221990
9188124
8929113
8335456
8802807
7790762
7701754
9597972
10483181
10739407
7848997
7566966
7564407
8046082
7059629
7742913
8294007
7811031
9318164
8900782
8042761
7372249
7923827
9561531
7784792
7923522
7846049
7832945
7699326
8342106
7718990
7758631
7928323
7857584
7753516
7480498
7790847
7787978
8107988
7872395
7997732
7665923
7701403
7997547
7581847
8716965
7859335
10123566
10115412
10892243
9893386
8789286
7104751
11986103
9625179
8386419
9291130
8763735
10783651
7871182
9135646
9415595
11023653
9933833
8062784
7665642
9439751
7687065
13287126
11872701
10143843
8277110
8881630
8011343
8026676
7959419
9652390
8136099
8201268
7972484
8046889
7663542
7622562
8837886
8642851
7533567
9707407
7919723
8117784
9328889
9216997
8487198
8798584
8046351
8071704
7652122
9162872
10601121
7758462
10124638
9822083
9997092
10410983
9248694
8973363
9533692
9254090
9918252
8417719
9188660
8068681
8090554
9054867
8604211
7858430
8913730
7988690
9290183
8606879
8893733
9997305
8445334
8105959
10420235
8638243
8970102
9627242
8666936
8541246
8547422
8557470
7907135
7887310
8594486
8539613
7560436
9175640
8246450
8472558
8723589
13484106
7772944
12540379
8340573
9959640
8172860
7902985
8138775
8387793
8650792
8265382
7884039
7903588
8441572
8181796
8029995
9154375
9805606
9886212
7803692
8303554
8177930
7770889
8236854
7738782
8648113
7783256
8445504
8065235
9486883
7672556
9065253
8669907
10077510
8571976
9178235
8629372
9629939
7986899
10654802
7767282
10263339
7848394
9722610
7882090
10334037
9453503
9061680
8072215
9892039
7830212
9011880
8612534
8194800
9166304
9148893
7709942
7341425
8183901
8590431
10215034
10162141
8147925
7639060
9254591
8031793
8783010
7999262
7761191
7774994
8014199
8193805
8864893
13798612
7665680
9464260
8562878
8002446
7761017
8058041
7657720
9571073
9452373
8332511
7177804
7505532
7895232
8864886
8147601
8344922
9512198
7786662
8320121
7751195
8974264
7105339
9530377
7690435
9356212
8115918
7227511
8306249
9220104
11447458
7959721
8342360
7898741
7678615
9015432
8198344
8426219
8535989
8489499
8913495
8003758
8685113
7817571
8159121
8014043
7886288
7966709
8230981
8750020
9589303
8493549
8414655
8047773
8234400
7759338
8184095
7506055
8283410
8764358
8034838
8373933
7977695
8554779
9624717
9702117
7718596
8882973
9082581
10083159
8731109
7971372
7831733
9444460
7848665
8251195
8034943
8347263
8452201
8018219
7895632
7636107
8890256
8134842
7903745
7933774
9162346
8751825
11141444
8136174
8323610
7878215
7831651
9993986
8298108
7748880
8771087
9857520
7839924
9355809
8200481
8276702
8662922
8040605
7674987
7510752
7296114
7807704
7943051
8083552
7483789
7998734
7795698
7738096
8243659
7450357
7319127
7509468
7187654
8296454
7925965
9983377
7928739
7712311
7557682
7628955
9227197
9427808
7816343
8251865
8374416
7933272
8512098
8404526
7367550
8846679
7853434
7847581
7952651
8253146
8002381
7908536
8134512
8416281
7916496
8154861
9514225
8886082
9233362
10013342
9639827
10382835
9661814
8313815
8352734
7949765
8593503
8977623
8749708
8778274
9407943
8137455
8908686
9371770
8498131
10254008
8828611
9656917
8066199
9149459
8765385
9016780
7755425
8060241
8019247
7857039
7838036
10089052
8086579
8839939
7873669
8005229
7992685
8364860
8089143
10129052
8234894
7937624
10480637
8104237
10025304
8037226
9966682
7661958
9270717
8211968
8325949
10540227
8147990
10003390
8376645
8984794
7840463
8568645
7902533
7788818
9183124
7599774
9474938
7914795
9515253
8370594
8739662
8237277
8054280
7987422
7939828
8137202
7751973
10275684
8070032
8430350
7988737
8204286
8471375
8857999
8647645
8405973
7930677
9453752
7931496
10037340
8643159
7961196
8562621
8338588
8789856
8824101
8424393
8931757
7823166
7740870
7761991
8133131
7918931
10008033
8547063
8405541
8314547
8809016
8418048
8519605
8332956
8313680
8122774
9142232
9074701
7664619
7929732
7803496
7864998
9393336
7833179
8022332
8926128
8928142
8084634
7640741
7853294
7552408
7651203
7970538
7962156
7626905
8137560
7566486
7519883
7958611
7877523
8233166
8118109
8844315
7474305
7878862
9854444
9282692
9820076
7655649
7434203
7999228
7719964
7861100
10025231
9433991
7698352
8841157
8373072
8102315
8098090
9043024
8520930
7765646
7692901
8830968
10278752
10845742
9071932
8122512
7896181
7845097
7767257
8272281
7533804
7886890
7622347
7519967
8175453
8150107
8102467
8286282
8450174
7979291
9796574
7910870
8003183
7982159
7975826
8311319
9262673
7930592
8136685
8430180
9506010
9650560
8946460
7665507
10457508
10573172
8252061
9203651
9525670
8353319
8912869
8608158
8000077
8192677
9335089
8946550
9595964
8760355
7878147
7941620
8256232
7577116
7299145
8105836
8426312
7587223
8169148
7569917
7611201
8039091
7863116
8108899
7699112
8919141
8040193
8133488
8357377
7770982
8168494
7884077
8076811
8238411
10928478
8762423
9497846
9121138
8387252
8080519
7837998
7700108
7823691
8190608
8533214
7761423
7894037
7797870
7813999
8268549
7789390
7918543
7735481
7724081
8138381
7885910
8154113
7897138
8211245
7999627
8290443
9881705
7820853
8061067
8162086
10384145
9459538
8601615
8122912
8440150
9204156
8007582
7945119
7992145
8102603
7968105
10609707
8495380
8273968
9613052
7714698
7805343
8230732
7996466
8189102
8023248
8270759
8311954
7836853
7815745
7681434
8009002
7517726
7898693
8008597
7515946
7700782
8193563
9173511
7690025
8307845
10400795
8775864
8257511
8169296
9150266
8777456
8082039
8494296
8626358
7729042
9696003
7979021
8423078
7829537
10300799
8059051
8080702
8306628
7830906
9254652
8236012
8436881
8481100
7943306
8070274
8355734
8089925
7748921
8237397
8226641
8801002
8030116
9936669
7843888
8740667
8058284
7747061
8480632
8149655
8055363
8717617
9156212
9053155
8735721
8202958
8537479
7974685
8366689
8818577
8050309
7965124
7123375
7926699
7280230
7836349
8004580
10400038
8942442
9766445
7788240
9722947
10527270
8037553
7795053
7780981
8612373
7769830
8418185
7832944
7826158
9269719
8798663
8005833
7881384
12003029
7758633
8360062
7935183
7554112
7845747
7847759
7387568
7723785
7948943
8315362
7553531
7652283
7880318
8019609
7757896
8873716
7835393
8649835
7671466
8119473
10539601
7561605
8044321
7297278
8775056
8826908
7921145
7852060
8851608
8021398
7765671
9553071
9040915
7783324
7723632
8210563
8013815
7380664
8134523
8182099
8613616
8022627
8964792
7623687
7504105
8336889
8261031
9226546
7650393
8061203
7711683
7683918
8969376
8193774
8141889
7893940
7551834
7912521
7970926
7351890
8242217
8137045
8612969
8050204
7820163
7694653
7560550
10033865
8240935
7827149
8074335
8851486
7664936
7740776
7975292
8400900
7993537
7350122
7376332
8089330
8423295
8240500
7865940
8442431
7838655
7292762
8330626
7820358
8306171
8006419
8771520
7904646
8050977
7612022
7603244
7250224